{"metadata":{"kernelspec":{"language":"python","display_name":"Python 3","name":"python3"},"language_info":{"name":"python","version":"3.10.13","mimetype":"text/x-python","codemirror_mode":{"name":"ipython","version":3},"pygments_lexer":"ipython3","nbconvert_exporter":"python","file_extension":".py"},"kaggle":{"accelerator":"none","dataSources":[{"sourceId":7161237,"sourceType":"datasetVersion","datasetId":3884190},{"sourceId":8548287,"sourceType":"datasetVersion","datasetId":5107689}],"dockerImageVersionId":30698,"isInternetEnabled":true,"language":"python","sourceType":"notebook","isGpuEnabled":false}},"nbformat_minor":4,"nbformat":4,"cells":[{"cell_type":"code","source":"# import pandas as pd\nimport numpy as np\nimport pandas as pd\n# Đường dẫn đến tệp dữ liệu trên Kaggle\nfile_path = '/kaggle/input/vindr-mammo-dataset/breast-level_annotations.csv'\npairs = []\n\n\n# Load 100 mẫu đầu tiên từ tệp CSV vào một DataFrame\ndf = pd.read_csv(file_path).head(5000)\n\ndf.loc[df['breast_birads'] == 'BI-RADS 1', 'breast_birads'] = '1'\ndf.loc[df['breast_birads'] == 'BI-RADS 2', 'breast_birads'] = '2'\ndf.loc[df['breast_birads'] == 'BI-RADS 3', 'breast_birads'] = '3'\ndf.loc[df['breast_birads'] == 'BI-RADS 4', 'breast_birads'] = '4'\ndf.loc[df['breast_birads'] == 'BI-RADS 5', 'breast_birads'] = '5'\n\ndf_new = df[['image_id', 'breast_birads']].copy()\n\ngroups = df_new.groupby('breast_birads')\n\n\n# Lấy mỗi nhóm một phần tử và kết hợp chúng lại với nhau\nresult = pd.concat([group.head(10).reset_index(drop=True) for name, group in groups])\n\nnew_df = pd.DataFrame(columns=result.columns)\nselected_rows_list = []\n\nfor i in range(0, 10):\n    selected_rows = result.loc[result.index == i]\n    selected_rows_list.append(selected_rows)\n\n    # Hiển thị kết quả\nnew_df = pd.concat(selected_rows_list)\n\n# Print the new DataFrame\nprint(new_df)\n\n","metadata":{"execution":{"iopub.status.busy":"2024-06-06T16:26:09.893284Z","iopub.execute_input":"2024-06-06T16:26:09.893733Z","iopub.status.idle":"2024-06-06T16:26:10.472696Z","shell.execute_reply.started":"2024-06-06T16:26:09.893697Z","shell.execute_reply":"2024-06-06T16:26:10.471310Z"},"trusted":true},"execution_count":28,"outputs":[{"name":"stdout","text":"                           image_id breast_birads\n0  dd9ce3288c0773e006a294188aadba8e             1\n0  d8125545210c08e1b1793a5af6458ee2             2\n0  aad38467d1f04cedf300c9c8305a3536             3\n0  2b46a6fc2c076cfc187b385f6a6f40e6             4\n0  581b0e4d471a5c0adc6888cb038fa722             5\n1  57fbdd278af5c8789a02b355c11620d4             1\n1  290c658f4e75a3f83ec78a847414297c             2\n1  2ccefd9e7701acf52c92275e844f7578             3\n1  8338207743a394ab8b56b5b920fc30b6             4\n1  29896919b15b2dd978a36b2f68a5ad93             5\n2  202d761a6b0f86faaeefc39ee18b1c53             1\n2  cd0fc7bc53ac632a11643ac4cc91002a             2\n2  39a9809abe1441f60f9fab50679c2a73             3\n2  396bea28fd4be11598bc53bf5f2b7460             4\n2  5d13674e2ed04208bf232e2eeb468f7a             5\n3  acccc1727b61b261844d86aa9de53536             1\n3  71638b1e853799f227492bfb08a01491             2\n3  6770e08049264165b58c5f5ddcfd5b95             3\n3  df4b1cfb384dab76abc34cc4db0f5b30             4\n3  d4cae2c614676925578ca87836ab95b6             5\n4  a3d0e2394d7db36afab1b6e5e24da798             1\n4  421afeb5f9dd7b64b84ac8335b14b247             2\n4  35293500d91fb681fd8ff9171d8161c1             3\n4  33755feadab4a6b5db51edc060585921             4\n4  39f3ef0e8046a9b4e6c81262d634053d             5\n5  48b243704d16570155df12995a284b61             1\n5  fb90604f039d294a931b94442e7f8b73             2\n5  2f11b93c073630fc866ebd61708c49c5             3\n5  44d35d157f5796ebc04b5fb51c3c1f12             4\n5  cb02caed6492a9619e93a3bd265a9c7f             5\n6  bd6af21b792a7efb367407e94678fa1f             1\n6  5c40def8eb37a29833a498f9390f2b02             2\n6  305835a194605ef353a1700def9a2429             3\n6  03234e390d3f2c9c07889e1687eafbb8             4\n6  e61d36901ebb6b37ac41f6ca84e5c81b             5\n7  633ede597d7e514fe672fbdfc8c269eb             1\n7  79929caccef83eaa6f23972d59982913             2\n7  d5701f000de83388af9171cea1427a7e             3\n7  c171fed7a869e9cb41c9a10e7ee6f4f9             4\n7  b74f95f32636aff0b94540891c6b1f14             5\n8  1b66d3ea1dae116b7c0e87e3caab3340             1\n8  8132013f5158a2bc93d77ea9200c75d8             2\n8  4285bb1fd50ed9f19bd507e66738189c             3\n8  2530e73814b6a250140fab195ac789cc             4\n8  271e8bfd46adee65f8580092753d08e5             5\n9  7a3df96890c90370590984ca196d1b40             1\n9  09c140f91b2da7c7ff024e5f4b2d5599             2\n9  5e35ead87bb708f1fea95033ddb2e093             3\n9  73d20cbf87ec2637a3de9d950ad809b2             4\n9  3c315903764b853c05c059346675e1b7             5\n","output_type":"stream"}]},{"cell_type":"code","source":"import cv2\nimport pandas as pd\nimport os\nimport torch\nfrom torchvision import transforms","metadata":{"execution":{"iopub.status.busy":"2024-06-06T16:26:15.085366Z","iopub.execute_input":"2024-06-06T16:26:15.085826Z","iopub.status.idle":"2024-06-06T16:26:19.071040Z","shell.execute_reply.started":"2024-06-06T16:26:15.085789Z","shell.execute_reply":"2024-06-06T16:26:19.069938Z"},"trusted":true},"execution_count":29,"outputs":[]},{"cell_type":"code","source":"from PIL import Image\nfrom torchvision import transforms\n\ndef load_image(image_path):\n    # Read the image from the path\n    image = cv2.imread(image_path)\n    \n    # Convert the image from OpenCV's BGR format to RGB\n    image = cv2.cvtColor(image, cv2.COLOR_BGR2RGB)\n    \n    # Convert the NumPy array to a PIL image\n    pil_image = Image.fromarray(image)\n    \n    # Define the transformation pipeline\n    transform = transforms.Compose([\n        transforms.Resize((224, 224)),  # Resize the image\n        transforms.ToTensor()  # Transform the image to a tensor\n    ])\n    \n    # Apply the transformations to the image\n    image_tensor = transform(pil_image)\n    \n    return image_tensor\n\n\n\n# Thư mục chứa ảnh\nimage_folder = \"/kaggle/input/vindr-mammo-dataset/Processed_Images\"\n\n# Đọc DataFrame từ file CSV\ndf = new_df\nprint(df)\n\n# Tạo một cột mới trong DataFrame để lưu tensor của ảnh\ndf['image_tensor'] = None\n\n# Hàm đệ quy để tìm ảnh trong tất cả các thư mục con\ndef find_images(image_id, folder):\n    for root, dirs, files in os.walk(folder):\n        for file in files:\n            if file == image_id+'.png':\n                image_paths=os.path.join(root, file)\n    return image_paths\n\n","metadata":{"execution":{"iopub.status.busy":"2024-06-06T16:26:26.789529Z","iopub.execute_input":"2024-06-06T16:26:26.790408Z","iopub.status.idle":"2024-06-06T16:26:26.808013Z","shell.execute_reply.started":"2024-06-06T16:26:26.790371Z","shell.execute_reply":"2024-06-06T16:26:26.806298Z"},"trusted":true},"execution_count":30,"outputs":[{"name":"stdout","text":"                           image_id breast_birads\n0  dd9ce3288c0773e006a294188aadba8e             1\n0  d8125545210c08e1b1793a5af6458ee2             2\n0  aad38467d1f04cedf300c9c8305a3536             3\n0  2b46a6fc2c076cfc187b385f6a6f40e6             4\n0  581b0e4d471a5c0adc6888cb038fa722             5\n1  57fbdd278af5c8789a02b355c11620d4             1\n1  290c658f4e75a3f83ec78a847414297c             2\n1  2ccefd9e7701acf52c92275e844f7578             3\n1  8338207743a394ab8b56b5b920fc30b6             4\n1  29896919b15b2dd978a36b2f68a5ad93             5\n2  202d761a6b0f86faaeefc39ee18b1c53             1\n2  cd0fc7bc53ac632a11643ac4cc91002a             2\n2  39a9809abe1441f60f9fab50679c2a73             3\n2  396bea28fd4be11598bc53bf5f2b7460             4\n2  5d13674e2ed04208bf232e2eeb468f7a             5\n3  acccc1727b61b261844d86aa9de53536             1\n3  71638b1e853799f227492bfb08a01491             2\n3  6770e08049264165b58c5f5ddcfd5b95             3\n3  df4b1cfb384dab76abc34cc4db0f5b30             4\n3  d4cae2c614676925578ca87836ab95b6             5\n4  a3d0e2394d7db36afab1b6e5e24da798             1\n4  421afeb5f9dd7b64b84ac8335b14b247             2\n4  35293500d91fb681fd8ff9171d8161c1             3\n4  33755feadab4a6b5db51edc060585921             4\n4  39f3ef0e8046a9b4e6c81262d634053d             5\n5  48b243704d16570155df12995a284b61             1\n5  fb90604f039d294a931b94442e7f8b73             2\n5  2f11b93c073630fc866ebd61708c49c5             3\n5  44d35d157f5796ebc04b5fb51c3c1f12             4\n5  cb02caed6492a9619e93a3bd265a9c7f             5\n6  bd6af21b792a7efb367407e94678fa1f             1\n6  5c40def8eb37a29833a498f9390f2b02             2\n6  305835a194605ef353a1700def9a2429             3\n6  03234e390d3f2c9c07889e1687eafbb8             4\n6  e61d36901ebb6b37ac41f6ca84e5c81b             5\n7  633ede597d7e514fe672fbdfc8c269eb             1\n7  79929caccef83eaa6f23972d59982913             2\n7  d5701f000de83388af9171cea1427a7e             3\n7  c171fed7a869e9cb41c9a10e7ee6f4f9             4\n7  b74f95f32636aff0b94540891c6b1f14             5\n8  1b66d3ea1dae116b7c0e87e3caab3340             1\n8  8132013f5158a2bc93d77ea9200c75d8             2\n8  4285bb1fd50ed9f19bd507e66738189c             3\n8  2530e73814b6a250140fab195ac789cc             4\n8  271e8bfd46adee65f8580092753d08e5             5\n9  7a3df96890c90370590984ca196d1b40             1\n9  09c140f91b2da7c7ff024e5f4b2d5599             2\n9  5e35ead87bb708f1fea95033ddb2e093             3\n9  73d20cbf87ec2637a3de9d950ad809b2             4\n9  3c315903764b853c05c059346675e1b7             5\n","output_type":"stream"}]},{"cell_type":"code","source":"\nimage_paths=[]\nfor index, row in df.iterrows():\n    image_id = row['image_id']\n    paths = find_images(image_id, image_folder)\n    image_paths.append(paths)\n    image_tensor = load_image(paths)\n    #df['image_tensor'] = image_tensor\n\n   \n","metadata":{"execution":{"iopub.status.busy":"2024-06-06T16:26:32.336797Z","iopub.execute_input":"2024-06-06T16:26:32.337253Z","iopub.status.idle":"2024-06-06T16:29:37.548313Z","shell.execute_reply.started":"2024-06-06T16:26:32.337219Z","shell.execute_reply":"2024-06-06T16:29:37.547233Z"},"trusted":true},"execution_count":31,"outputs":[]},{"cell_type":"markdown","source":"","metadata":{}},{"cell_type":"code","source":"pip install vit-pytorch\n","metadata":{"execution":{"iopub.status.busy":"2024-06-06T16:30:22.127896Z","iopub.execute_input":"2024-06-06T16:30:22.128469Z","iopub.status.idle":"2024-06-06T16:30:39.682102Z","shell.execute_reply.started":"2024-06-06T16:30:22.128428Z","shell.execute_reply":"2024-06-06T16:30:39.680463Z"},"trusted":true},"execution_count":32,"outputs":[{"name":"stderr","text":"/opt/conda/lib/python3.10/pty.py:89: RuntimeWarning: os.fork() was called. os.fork() is incompatible with multithreaded code, and JAX is multithreaded, so this will likely lead to a deadlock.\n  pid, fd = os.forkpty()\n","output_type":"stream"},{"name":"stdout","text":"Collecting vit-pytorch\n  Downloading vit_pytorch-1.6.9-py3-none-any.whl.metadata (65 kB)\n\u001b[2K     \u001b[90m━━━━━━━━━━━━━━━━━━━━━━━━━━━━━━━━━━━━━━━━\u001b[0m \u001b[32m65.7/65.7 kB\u001b[0m \u001b[31m1.4 MB/s\u001b[0m eta \u001b[36m0:00:00\u001b[0ma \u001b[36m0:00:01\u001b[0m\n\u001b[?25hCollecting einops>=0.7.0 (from vit-pytorch)\n  Downloading einops-0.8.0-py3-none-any.whl.metadata (12 kB)\nRequirement already satisfied: torch>=1.10 in /opt/conda/lib/python3.10/site-packages (from vit-pytorch) (2.1.2+cpu)\nRequirement already satisfied: torchvision in /opt/conda/lib/python3.10/site-packages (from vit-pytorch) (0.16.2+cpu)\nRequirement already satisfied: filelock in /opt/conda/lib/python3.10/site-packages (from torch>=1.10->vit-pytorch) (3.13.1)\nRequirement already satisfied: typing-extensions in /opt/conda/lib/python3.10/site-packages (from torch>=1.10->vit-pytorch) (4.9.0)\nRequirement already satisfied: sympy in /opt/conda/lib/python3.10/site-packages (from torch>=1.10->vit-pytorch) (1.12)\nRequirement already satisfied: networkx in /opt/conda/lib/python3.10/site-packages (from torch>=1.10->vit-pytorch) (3.2.1)\nRequirement already satisfied: jinja2 in /opt/conda/lib/python3.10/site-packages (from torch>=1.10->vit-pytorch) (3.1.2)\nRequirement already satisfied: fsspec in /opt/conda/lib/python3.10/site-packages (from torch>=1.10->vit-pytorch) (2024.2.0)\nRequirement already satisfied: numpy in /opt/conda/lib/python3.10/site-packages (from torchvision->vit-pytorch) (1.26.4)\nRequirement already satisfied: requests in /opt/conda/lib/python3.10/site-packages (from torchvision->vit-pytorch) (2.31.0)\nRequirement already satisfied: pillow!=8.3.*,>=5.3.0 in /opt/conda/lib/python3.10/site-packages (from torchvision->vit-pytorch) (9.5.0)\nRequirement already satisfied: MarkupSafe>=2.0 in /opt/conda/lib/python3.10/site-packages (from jinja2->torch>=1.10->vit-pytorch) (2.1.3)\nRequirement already satisfied: charset-normalizer<4,>=2 in /opt/conda/lib/python3.10/site-packages (from requests->torchvision->vit-pytorch) (3.3.2)\nRequirement already satisfied: idna<4,>=2.5 in /opt/conda/lib/python3.10/site-packages (from requests->torchvision->vit-pytorch) (3.6)\nRequirement already satisfied: urllib3<3,>=1.21.1 in /opt/conda/lib/python3.10/site-packages (from requests->torchvision->vit-pytorch) (1.26.18)\nRequirement already satisfied: certifi>=2017.4.17 in /opt/conda/lib/python3.10/site-packages (from requests->torchvision->vit-pytorch) (2024.2.2)\nRequirement already satisfied: mpmath>=0.19 in /opt/conda/lib/python3.10/site-packages (from sympy->torch>=1.10->vit-pytorch) (1.3.0)\nDownloading vit_pytorch-1.6.9-py3-none-any.whl (119 kB)\n\u001b[2K   \u001b[90m━━━━━━━━━━━━━━━━━━━━━━━━━━━━━━━━━━━━━━━━\u001b[0m \u001b[32m119.7/119.7 kB\u001b[0m \u001b[31m3.4 MB/s\u001b[0m eta \u001b[36m0:00:00\u001b[0m\n\u001b[?25hDownloading einops-0.8.0-py3-none-any.whl (43 kB)\n\u001b[2K   \u001b[90m━━━━━━━━━━━━━━━━━━━━━━━━━━━━━━━━━━━━━━━━\u001b[0m \u001b[32m43.2/43.2 kB\u001b[0m \u001b[31m1.7 MB/s\u001b[0m eta \u001b[36m0:00:00\u001b[0m\n\u001b[?25hInstalling collected packages: einops, vit-pytorch\nSuccessfully installed einops-0.8.0 vit-pytorch-1.6.9\nNote: you may need to restart the kernel to use updated packages.\n","output_type":"stream"}]},{"cell_type":"code","source":"pip install timm","metadata":{"execution":{"iopub.status.busy":"2024-06-06T16:31:00.077572Z","iopub.execute_input":"2024-06-06T16:31:00.078224Z","iopub.status.idle":"2024-06-06T16:31:15.079702Z","shell.execute_reply.started":"2024-06-06T16:31:00.078183Z","shell.execute_reply":"2024-06-06T16:31:15.078044Z"},"trusted":true},"execution_count":33,"outputs":[{"name":"stdout","text":"Requirement already satisfied: timm in /opt/conda/lib/python3.10/site-packages (0.9.16)\nRequirement already satisfied: torch in /opt/conda/lib/python3.10/site-packages (from timm) (2.1.2+cpu)\nRequirement already satisfied: torchvision in /opt/conda/lib/python3.10/site-packages (from timm) (0.16.2+cpu)\nRequirement already satisfied: pyyaml in /opt/conda/lib/python3.10/site-packages (from timm) (6.0.1)\nRequirement already satisfied: huggingface_hub in /opt/conda/lib/python3.10/site-packages (from timm) (0.22.2)\nRequirement already satisfied: safetensors in /opt/conda/lib/python3.10/site-packages (from timm) (0.4.3)\nRequirement already satisfied: filelock in /opt/conda/lib/python3.10/site-packages (from huggingface_hub->timm) (3.13.1)\nRequirement already satisfied: fsspec>=2023.5.0 in /opt/conda/lib/python3.10/site-packages (from huggingface_hub->timm) (2024.2.0)\nRequirement already satisfied: packaging>=20.9 in /opt/conda/lib/python3.10/site-packages (from huggingface_hub->timm) (21.3)\nRequirement already satisfied: requests in /opt/conda/lib/python3.10/site-packages (from huggingface_hub->timm) (2.31.0)\nRequirement already satisfied: tqdm>=4.42.1 in /opt/conda/lib/python3.10/site-packages (from huggingface_hub->timm) (4.66.1)\nRequirement already satisfied: typing-extensions>=3.7.4.3 in /opt/conda/lib/python3.10/site-packages (from huggingface_hub->timm) (4.9.0)\nRequirement already satisfied: sympy in /opt/conda/lib/python3.10/site-packages (from torch->timm) (1.12)\nRequirement already satisfied: networkx in /opt/conda/lib/python3.10/site-packages (from torch->timm) (3.2.1)\nRequirement already satisfied: jinja2 in /opt/conda/lib/python3.10/site-packages (from torch->timm) (3.1.2)\nRequirement already satisfied: numpy in /opt/conda/lib/python3.10/site-packages (from torchvision->timm) (1.26.4)\nRequirement already satisfied: pillow!=8.3.*,>=5.3.0 in /opt/conda/lib/python3.10/site-packages (from torchvision->timm) (9.5.0)\nRequirement already satisfied: pyparsing!=3.0.5,>=2.0.2 in /opt/conda/lib/python3.10/site-packages (from packaging>=20.9->huggingface_hub->timm) (3.1.1)\nRequirement already satisfied: MarkupSafe>=2.0 in /opt/conda/lib/python3.10/site-packages (from jinja2->torch->timm) (2.1.3)\nRequirement already satisfied: charset-normalizer<4,>=2 in /opt/conda/lib/python3.10/site-packages (from requests->huggingface_hub->timm) (3.3.2)\nRequirement already satisfied: idna<4,>=2.5 in /opt/conda/lib/python3.10/site-packages (from requests->huggingface_hub->timm) (3.6)\nRequirement already satisfied: urllib3<3,>=1.21.1 in /opt/conda/lib/python3.10/site-packages (from requests->huggingface_hub->timm) (1.26.18)\nRequirement already satisfied: certifi>=2017.4.17 in /opt/conda/lib/python3.10/site-packages (from requests->huggingface_hub->timm) (2024.2.2)\nRequirement already satisfied: mpmath>=0.19 in /opt/conda/lib/python3.10/site-packages (from sympy->torch->timm) (1.3.0)\nNote: you may need to restart the kernel to use updated packages.\n","output_type":"stream"}]},{"cell_type":"code","source":"import torch\nfrom torchvision.models import resnet50, resnet152, densenet121\nfrom vit_pytorch import ViT\nimport timm\nimport torch\n\ndef load_model(model_type, checkpoint_path):\n    if model_type == 'resnet50':\n        model = resnet50(pretrained=True)\n        num_ftrs = model.fc.in_features\n        model.fc = torch.nn.Linear(num_ftrs, 512)\n    elif model_type == 'resnet152':\n        model = resnet152(pretrained=False)\n    elif model_type == 'densenet121':\n        model = densenet121(pretrained=True)\n        num_classes = 512\n        model.classifier = torch.nn.Linear(model.classifier.in_features, num_classes)\n    elif model_type == 'vit':\n        model_name = 'vit_base_patch16_224'  # Specify the model name\n        num_classes = 512  # Number of output classes (adjust as needed)\n        model = timm.create_model(model_name, pretrained=False, num_classes=num_classes)\n\n    else:\n        raise ValueError(f\"Loại mô hình '{model_type}' không được hỗ trợ.\")\n    \n    # Load checkpoint\n    checkpoint = torch.load(checkpoint_path, map_location=torch.device('cpu'))\n    \n    # Extract the model state dictionary from the checkpoint\n    if 'model_state_dict' in checkpoint:\n        state_dict = checkpoint['model_state_dict']\n    else:\n        state_dict = checkpoint  # Assuming the entire checkpoint is the state_dict\n    \n    # Adjust state dictionary keys if necessary\n    new_state_dict = {k.replace('model.', ''): v for k, v in state_dict.items()}\n    model.load_state_dict(new_state_dict)\n    return model\n    \n    # Load the state\n","metadata":{"execution":{"iopub.status.busy":"2024-06-06T16:31:21.697351Z","iopub.execute_input":"2024-06-06T16:31:21.697844Z","iopub.status.idle":"2024-06-06T16:31:23.231077Z","shell.execute_reply.started":"2024-06-06T16:31:21.697804Z","shell.execute_reply":"2024-06-06T16:31:23.229734Z"},"trusted":true},"execution_count":34,"outputs":[]},{"cell_type":"code","source":"checkpoint='/kaggle/input/ver1-checkpoint/version 1/weights_setting3/vit_base_patch16_224BasedModel/best.pt'\nmodel=load_model('vit',checkpoint)\n","metadata":{"execution":{"iopub.status.busy":"2024-06-06T16:31:26.436527Z","iopub.execute_input":"2024-06-06T16:31:26.437035Z","iopub.status.idle":"2024-06-06T16:31:35.339525Z","shell.execute_reply.started":"2024-06-06T16:31:26.436999Z","shell.execute_reply":"2024-06-06T16:31:35.338160Z"},"trusted":true},"execution_count":35,"outputs":[]},{"cell_type":"code","source":"import numpy as np\n\ndef vector_length(v):\n    return np.linalg.norm(v)\ndef euclidean_distance(vector1, vector2):\n    \"\"\"\n    Tính Euclidean distance giữa hai vector trong không gian nhiều chiều.\n​\n    Tham số:\n    vector1, vector2: iterable, hai vector trong không gian nhiều chiều.\n​\n    Trả về:\n    distance: float, Euclidean distance giữa hai vector.\n    \"\"\"\n    vector1 = np.array(vector1)\n    vector2 = np.array(vector2)\n    vector3= vector1-vector2\n    # Tính Euclidean distance\n    distance = vector_length(vector3)\n    \n    return distance\n\n\n# Ví dụ về vector cần tính độ dài\nvector = np.array([1, 2, 3])\n\n# Tính độ dài của vector\nlength = vector_length(vector)\n\nprint(\"Độ dài của vector:\", length)\n","metadata":{"execution":{"iopub.status.busy":"2024-06-09T09:24:38.063004Z","iopub.execute_input":"2024-06-09T09:24:38.063473Z","iopub.status.idle":"2024-06-09T09:24:38.111735Z","shell.execute_reply.started":"2024-06-09T09:24:38.063438Z","shell.execute_reply":"2024-06-09T09:24:38.110591Z"},"trusted":true},"execution_count":1,"outputs":[{"name":"stdout","text":"Độ dài của vector: 3.7416573867739413\n","output_type":"stream"}]},{"cell_type":"code","source":"import numpy as np\nfrom scipy.optimize import minimize\n\ndef estimate_theta_from_cosine_similarity(C):\n    \"\"\"\n    Tính toán các tham số theta từ ma trận cosine similarity sử dụng mô hình Bradley-Terry.\n\n    Args:\n    C (np.ndarray): Ma trận cosine similarity với kích thước n x n.\n\n    Returns:\n    tuple: Ma trận đối đầu Bradley-Terry và mảng các tham số theta ước lượng.\n    \"\"\"\n    def cosine_to_bradley_terry_matrix(C):\n        \"\"\"\n        Chuyển đổi ma trận cosine similarity thành ma trận đối đầu Bradley-Terry.\n        \n        Args:\n        C (np.ndarray): Ma trận cosine similarity với kích thước n x n.\n\n        Returns:\n        np.ndarray: Ma trận đối đầu Bradley-Terry với kích thước n x n.\n        \"\"\"\n        n = C.shape[0]\n        W = np.zeros((n, n))\n\n        for i in range(n-1):\n            for j in range(i+1, n): # Bắt đầu từ i+1 để tránh so sánh với chính nó và tránh lặp lại các so sánh\n                if i == n-1:  # Nếu i là ảnh cuối cùng\n                    W[i, j] = 1\n                    break\n                if C[i, i+1] >= C[i, j]:  # So sánh với giá trị C[i, i+1] thay vì với C[i, j]\n                    W[i, i+1] = 1  # Gán giá trị 1 cho W[i, i+1] khi i thắng i+1\n\n        return W\n\n    def log_likelihood(theta, W):\n        \"\"\"\n        Hàm tính log-likelihood cho mô hình Bradley-Terry.\n        \n        Args:\n        theta (np.ndarray): Mảng các tham số theta.\n        W (np.ndarray): Ma trận đối đầu Bradley-Terry.\n\n        Returns:\n        float: Giá trị âm của log-likelihood.\n        \"\"\"\n        n = len(theta)\n        ll = 0\n        for i in range(n):\n            for j in range(n):\n                if i != j:\n                    ll += W[i, j] * np.log(theta[i] / (theta[i] + theta[j]))\n        return -ll\n\n    # Chuyển đổi ma trận cosine similarity thành ma trận đối đầu\n    W = cosine_to_bradley_terry_matrix(C)\n\n    # Khởi tạo giá trị ban đầu cho theta\n    initial_theta = np.ones(W.shape[0])\n\n    # Tối ưu hóa log-likelihood\n    result = minimize(log_likelihood, initial_theta, args=(W,), method='L-BFGS-B', bounds=[(1e-5, None)] * len(initial_theta))\n    estimated_theta = result.x\n\n    return W, estimated_theta\n\n# Ví dụ sử dụng hàm với ma trận cosine similarity\nC = np.array([\n    [0, 0.8, 0.6, 0.4, 0.2],\n    [0, 0, 0.2, 0.5, 0.3],\n    [0, 0, 0, 0.9, 0.5],\n    [0, 0, 0, 0, 0.6],\n    [0, 0, 0, 0, 0]\n])\n\nW, estimated_theta = estimate_theta_from_cosine_similarity(C)\nprint(\"Ma trận đối đầu W:\")\nprint(W)\nprint(\"Estimated theta:\", estimated_theta)\n","metadata":{"execution":{"iopub.status.busy":"2024-06-06T15:22:11.323341Z","iopub.execute_input":"2024-06-06T15:22:11.324371Z","iopub.status.idle":"2024-06-06T15:22:11.421516Z","shell.execute_reply.started":"2024-06-06T15:22:11.324333Z","shell.execute_reply":"2024-06-06T15:22:11.420205Z"},"trusted":true},"execution_count":2,"outputs":[{"name":"stdout","text":"Ma trận đối đầu W:\n[[0. 1. 0. 0. 0.]\n [0. 0. 1. 0. 0.]\n [0. 0. 0. 1. 0.]\n [0. 0. 0. 0. 1.]\n [0. 0. 0. 0. 0.]]\nEstimated theta: [6.60851098e+04 4.19317541e+02 1.91817150e+00 4.37917822e-03\n 1.00000000e-05]\n","output_type":"stream"}]},{"cell_type":"code","source":"","metadata":{},"execution_count":null,"outputs":[]},{"cell_type":"code","source":"import numpy as np\nimport torch.nn.functional as F\ndef savee_matrix(df,model):\n    n = 5\n    for i in range(0, 10):\n        output = []\n        matrix = np.zeros((n, n))  \n        selected_rows = result.loc[result.index == i]\n        for index, row in selected_rows.iterrows():\n            image_id = row['image_id']\n            paths = find_images(image_id, image_folder)\n            input_tensor = load_image(paths)\n            input_batch = input_tensor.unsqueeze(0)\n\n            if torch.cuda.is_available():\n                input_batch = input_batch.to('cuda')\n                model.to('cuda')\n\n            with torch.no_grad():\n                out = model(input_batch)\n                output.append(out)\n        for i in range(0, 5):\n            for j in range(0, 5):\n                if i == j:\n                    matrix[i, j]=0\n                else:\n                    matrix[i, j] = F.cosine_similarity(output[i], output[j], dim=1)\n                    matrix[j, i] = matrix[i, j]  # Since it's symmetric, fill the corresponding element\n        print(matrix)\n        W, estimated_theta = estimate_theta_from_cosine_similarity(matrix)\n        print(\"Ma trận đối đầu W:\")\n        print(W)\n        print(\"Estimated theta:\", estimated_theta)\n\n        \n    return \n","metadata":{"execution":{"iopub.status.busy":"2024-06-06T13:33:31.011135Z","iopub.execute_input":"2024-06-06T13:33:31.011557Z","iopub.status.idle":"2024-06-06T13:33:31.021925Z","shell.execute_reply.started":"2024-06-06T13:33:31.011521Z","shell.execute_reply":"2024-06-06T13:33:31.020768Z"},"trusted":true},"execution_count":63,"outputs":[]},{"cell_type":"code","source":"savee_matrix(df,model)","metadata":{"execution":{"iopub.status.busy":"2024-06-06T13:34:02.902441Z","iopub.execute_input":"2024-06-06T13:34:02.902875Z","iopub.status.idle":"2024-06-06T13:36:26.045344Z","shell.execute_reply.started":"2024-06-06T13:34:02.902842Z","shell.execute_reply":"2024-06-06T13:36:26.044240Z"},"trusted":true},"execution_count":65,"outputs":[{"name":"stdout","text":"[[ 0.          0.84463805 -0.00099976  0.38868359  0.50541222]\n [ 0.84463805  0.         -0.08234338  0.25645661  0.54351336]\n [-0.00099976 -0.08234338  0.          0.49049935 -0.17193416]\n [ 0.38868359  0.25645661  0.49049935  0.         -0.02795375]\n [ 0.50541222  0.54351336 -0.17193416 -0.02795375  0.        ]]\nMa trận đối đầu W:\n[[0. 1. 1. 1. 1.]\n [0. 0. 1. 0. 0.]\n [0. 0. 0. 1. 1.]\n [0. 0. 0. 0. 1.]\n [0. 0. 0. 0. 0.]]\nEstimated theta: [4.20824457e+03 6.31372752e+01 4.96566780e-01 2.23330295e-03\n 1.00000000e-05]\n[[ 0.          0.79716074  0.70120782  0.57289755 -0.0241006 ]\n [ 0.79716074  0.          0.77283013  0.60819769  0.10276987]\n [ 0.70120782  0.77283013  0.          0.68917781  0.33812472]\n [ 0.57289755  0.60819769  0.68917781  0.          0.27639854]\n [-0.0241006   0.10276987  0.33812472  0.27639854  0.        ]]\nMa trận đối đầu W:\n[[0. 1. 1. 1. 1.]\n [0. 0. 1. 1. 1.]\n [0. 0. 0. 1. 1.]\n [0. 0. 0. 0. 1.]\n [0. 0. 0. 0. 0.]]\nEstimated theta: [1.12237724e+03 1.95509022e+01 4.14043752e-01 2.04334962e-03\n 1.00000000e-05]\n[[0.         0.86714572 0.22999789 0.24968871 0.28050977]\n [0.86714572 0.         0.24484962 0.22862928 0.28654882]\n [0.22999789 0.24484962 0.         0.51875043 0.80155271]\n [0.24968871 0.22862928 0.51875043 0.         0.63008356]\n [0.28050977 0.28654882 0.80155271 0.63008356 0.        ]]\nMa trận đối đầu W:\n[[0. 1. 1. 1. 1.]\n [0. 0. 1. 1. 0.]\n [0. 0. 0. 1. 0.]\n [0. 0. 0. 0. 1.]\n [0. 0. 0. 0. 0.]]\nEstimated theta: [4.17362529e+03 7.14024681e+02 1.55716207e+00 3.94101717e-03\n 1.00000000e-05]\n[[ 0.          0.12675431  0.16126168  0.29079056  0.29568785]\n [ 0.12675431  0.         -0.29842561  0.01373017 -0.08626609]\n [ 0.16126168 -0.29842561  0.          0.72480065  0.67986655]\n [ 0.29079056  0.01373017  0.72480065  0.          0.81240594]\n [ 0.29568785 -0.08626609  0.67986655  0.81240594  0.        ]]\nMa trận đối đầu W:\n[[0. 1. 0. 0. 0.]\n [0. 0. 1. 0. 0.]\n [0. 0. 0. 1. 1.]\n [0. 0. 0. 0. 1.]\n [0. 0. 0. 0. 0.]]\nEstimated theta: [2.02799238e+03 1.70537956e+01 1.43550181e-01 1.19815804e-03\n 1.00000000e-05]\n[[ 0.         -0.10016594 -0.04789577  0.63593167  0.29382625]\n [-0.10016594  0.          0.90652132 -0.15923232  0.39877558]\n [-0.04789577  0.90652132  0.         -0.08120058  0.37264067]\n [ 0.63593167 -0.15923232 -0.08120058  0.          0.06008583]\n [ 0.29382625  0.39877558  0.37264067  0.06008583  0.        ]]\nMa trận đối đầu W:\n[[0. 1. 0. 0. 0.]\n [0. 0. 1. 1. 1.]\n [0. 0. 0. 1. 0.]\n [0. 0. 0. 0. 1.]\n [0. 0. 0. 0. 0.]]\nEstimated theta: [7.00013038e+03 3.53608712e+01 3.27327521e-01 1.79348246e-03\n 1.00000000e-05]\n[[0.         0.35820514 0.21231122 0.67646199 0.71299672]\n [0.35820514 0.         0.331743   0.73823971 0.57735223]\n [0.21231122 0.331743   0.         0.20866375 0.14965886]\n [0.67646199 0.73823971 0.20866375 0.         0.85318226]\n [0.71299672 0.57735223 0.14965886 0.85318226 0.        ]]\nMa trận đối đầu W:\n[[0. 1. 1. 0. 0.]\n [0. 0. 1. 0. 0.]\n [0. 0. 0. 1. 1.]\n [0. 0. 0. 0. 1.]\n [0. 0. 0. 0. 0.]]\nEstimated theta: [2.11776823e+03 1.75587985e+01 1.45490497e-01 1.20619345e-03\n 1.00000000e-05]\n[[ 0.          0.31956071  0.69128287 -0.47959417 -0.42838877]\n [ 0.31956071  0.          0.12857801  0.14644793  0.04333292]\n [ 0.69128287  0.12857801  0.         -0.28813323 -0.38545054]\n [-0.47959417  0.14644793 -0.28813323  0.          0.60867488]\n [-0.42838877  0.04333292 -0.38545054  0.60867488  0.        ]]\nMa trận đối đầu W:\n[[0. 1. 0. 1. 1.]\n [0. 0. 1. 0. 1.]\n [0. 0. 0. 1. 1.]\n [0. 0. 0. 0. 1.]\n [0. 0. 0. 0. 0.]]\nEstimated theta: [2.90001240e+03 7.04666260e+02 3.18908651e+00 5.64406118e-03\n 1.00000000e-05]\n[[0.         0.79250455 0.18369155 0.3597599  0.43366241]\n [0.79250455 0.         0.1277055  0.33050692 0.37228841]\n [0.18369155 0.1277055  0.         0.60567701 0.59527367]\n [0.3597599  0.33050692 0.60567701 0.         0.82505095]\n [0.43366241 0.37228841 0.59527367 0.82505095 0.        ]]\nMa trận đối đầu W:\n[[0. 1. 1. 1. 1.]\n [0. 0. 1. 0. 0.]\n [0. 0. 0. 1. 1.]\n [0. 0. 0. 0. 1.]\n [0. 0. 0. 0. 0.]]\nEstimated theta: [4.20824457e+03 6.31372752e+01 4.96566780e-01 2.23330295e-03\n 1.00000000e-05]\n[[ 0.          0.47331691 -0.15603714  0.72525704 -0.19407763]\n [ 0.47331691  0.         -0.38989654  0.72014201 -0.22542076]\n [-0.15603714 -0.38989654  0.         -0.29539546  0.58727878]\n [ 0.72525704  0.72014201 -0.29539546  0.         -0.32217124]\n [-0.19407763 -0.22542076  0.58727878 -0.32217124  0.        ]]\nMa trận đối đầu W:\n[[0. 1. 1. 0. 1.]\n [0. 0. 1. 0. 0.]\n [0. 0. 0. 1. 0.]\n [0. 0. 0. 0. 1.]\n [0. 0. 0. 0. 0.]]\nEstimated theta: [3.25327153e+03 7.16017946e+01 2.01165333e+00 4.48588667e-03\n 1.00000000e-05]\n[[ 0.          0.22971869  0.43128476  0.5123145   0.11122878]\n [ 0.22971869  0.         -0.17437513  0.72053194  0.9049769 ]\n [ 0.43128476 -0.17437513  0.         -0.07982143 -0.22426862]\n [ 0.5123145   0.72053194 -0.07982143  0.          0.69965482]\n [ 0.11122878  0.9049769  -0.22426862  0.69965482  0.        ]]\nMa trận đối đầu W:\n[[0. 1. 0. 0. 1.]\n [0. 0. 1. 0. 0.]\n [0. 0. 0. 1. 1.]\n [0. 0. 0. 0. 1.]\n [0. 0. 0. 0. 0.]]\nEstimated theta: [2.49753874e+03 6.51648746e+02 3.70401526e+00 6.08553277e-03\n 1.00000000e-05]\n","output_type":"stream"}]},{"cell_type":"code","source":"import numpy as np\n\n# Hàm tính DCG\ndef calculate_dcg(ranking):\n    return np.sum(ranking / np.log2(np.arange(2, len(ranking) + 2)))\n\n# Tính NDCG cho mỗi hàng của ma trận xếp hạng\ndef calculate_ndcg(cosine_similarity_matrix, ideal_ranking):\n    ndcg_scores = []\n    for i in range(cosine_similarity_matrix.shape[0]):\n        # Sắp xếp xếp hạng theo thứ tự giảm dần của cosine similarity\n        sorted_indices = np.argsort(-cosine_similarity_matrix[i])\n        \n        sorted_ranking = ideal_ranking[i][sorted_indices]\n\n        # Tính toán DCG\n        dcg = calculate_dcg(sorted_ranking)\n\n        # Tính toán IDCG (với xếp hạng tốt nhất)\n        ideal_sorted_ranking = np.sort(ideal_ranking[i])[::-1]\n        idcg = calculate_dcg(ideal_sorted_ranking)\n\n        # Tính toán NDCG\n        if idcg == 0:\n            ndcg = 0\n        else:\n            ndcg = dcg / idcg\n        ndcg_scores.append(ndcg)\n    return np.array(ndcg_scores)\n\n# Ideal ranking matrix\nideal_ranking = np.array([[4, 3, 2, 1, 0],\n                          [3, 4, 2, 0, 1],\n                          [2, 2, 4, 2, 2],\n                          [1, 0, 2, 4, 3],\n                          [0, 1, 2, 3, 4]])\n\n","metadata":{"execution":{"iopub.status.busy":"2024-06-06T16:45:02.463412Z","iopub.execute_input":"2024-06-06T16:45:02.463995Z","iopub.status.idle":"2024-06-06T16:45:02.478137Z","shell.execute_reply.started":"2024-06-06T16:45:02.463943Z","shell.execute_reply":"2024-06-06T16:45:02.476770Z"},"trusted":true},"execution_count":49,"outputs":[]},{"cell_type":"code","source":"import numpy as np\nimport torch.nn.functional as F\ndef save_matrix(df,model):\n    n = 5\n    matrix_root = np.zeros((n, n)) \n    matrix_root_tensor = torch.tensor(matrix_root)\n    for i in range(0, 10):\n        output = []\n        matrix = np.zeros((n, n))  \n        selected_rows = result.loc[result.index == i]\n        for index, row in selected_rows.iterrows():\n            image_id = row['image_id']\n            paths = find_images(image_id, image_folder)\n            print(image_id,row['breast_birads'])\n            input_tensor = load_image(paths)\n            input_batch = input_tensor.unsqueeze(0)\n\n            if torch.cuda.is_available():\n                input_batch = input_batch.to('cuda')\n                model.to('cuda')\n\n            with torch.no_grad():\n                out = model(input_batch)\n                output.append(out)\n        for i in range(0, 5):\n            for j in range(0, 5):\n                if i == j:\n                    matrix[i, j]=1\n                else:\n                    matrix[i, j] = F.cosine_similarity(output[i], output[j], dim=1)\n                    matrix[j, i] = matrix[i, j]  # Since it's symmetric, fill the corresponding element\n        print(matrix)\n        ndcg_scores = calculate_ndcg(matrix, ideal_ranking)\n        print(ndcg_scores)\n         \n        \n    return \n","metadata":{"execution":{"iopub.status.busy":"2024-06-06T16:45:08.610521Z","iopub.execute_input":"2024-06-06T16:45:08.610981Z","iopub.status.idle":"2024-06-06T16:45:08.623428Z","shell.execute_reply.started":"2024-06-06T16:45:08.610911Z","shell.execute_reply":"2024-06-06T16:45:08.622339Z"},"trusted":true},"execution_count":50,"outputs":[]},{"cell_type":"markdown","source":"trả về NDCG score của mỗi hàng. cách đánh giá NDCG score: \n\nGần 1 (0.9 - 1): Đây là kết quả xuất sắc, cho thấy hệ thống xếp hạng gần như hoàn hảo trong việc xếp hạng các kết quả theo độ liên quan.\n\n0.7 - 0.9: Đây là kết quả tốt, cho thấy hệ thống xếp hạng hoạt động khá hiệu quả, mặc dù vẫn còn chỗ để cải thiện.\n\n0.5 - 0.7: Đây là kết quả trung bình, cho thấy hệ thống có thể chấp nhận được nhưng cần cải thiện để đạt hiệu suất tốt hơn.\n\nDưới 0.5: Đây là kết quả thấp, cho thấy hệ thống xếp hạng hoạt động không tốt và cần có sự điều chỉnh đáng kể.\n","metadata":{}},{"cell_type":"code","source":"save_matrix(df,model)","metadata":{"execution":{"iopub.status.busy":"2024-06-06T16:45:12.426298Z","iopub.execute_input":"2024-06-06T16:45:12.426731Z","iopub.status.idle":"2024-06-06T16:48:12.787485Z","shell.execute_reply.started":"2024-06-06T16:45:12.426698Z","shell.execute_reply":"2024-06-06T16:48:12.786302Z"},"trusted":true},"execution_count":51,"outputs":[{"name":"stdout","text":"dd9ce3288c0773e006a294188aadba8e 1\nd8125545210c08e1b1793a5af6458ee2 2\naad38467d1f04cedf300c9c8305a3536 3\n2b46a6fc2c076cfc187b385f6a6f40e6 4\n581b0e4d471a5c0adc6888cb038fa722 5\n[[ 1.00000000e+00  8.44638050e-01 -9.99756623e-04  3.88683587e-01\n   5.05412221e-01]\n [ 8.44638050e-01  1.00000000e+00 -8.23433772e-02  2.56456614e-01\n   5.43513358e-01]\n [-9.99756623e-04 -8.23433772e-02  1.00000000e+00  4.90499347e-01\n  -1.71934158e-01]\n [ 3.88683587e-01  2.56456614e-01  4.90499347e-01  1.00000000e+00\n  -2.79537514e-02]\n [ 5.05412221e-01  5.43513358e-01 -1.71934158e-01 -2.79537514e-02\n   1.00000000e+00]]\n[0.9691001  0.97856603 1.         0.94523797 0.914412  ]\n57fbdd278af5c8789a02b355c11620d4 1\n290c658f4e75a3f83ec78a847414297c 2\n2ccefd9e7701acf52c92275e844f7578 3\n8338207743a394ab8b56b5b920fc30b6 4\n29896919b15b2dd978a36b2f68a5ad93 5\n[[ 1.          0.79716074  0.70120782  0.57289755 -0.0241006 ]\n [ 0.79716074  1.          0.77283013  0.60819769  0.10276987]\n [ 0.70120782  0.77283013  1.          0.68917781  0.33812472]\n [ 0.57289755  0.60819769  0.68917781  1.          0.27639854]\n [-0.0241006   0.10276987  0.33812472  0.27639854  1.        ]]\n[1.         0.99401598 1.         0.93577203 0.98212189]\n202d761a6b0f86faaeefc39ee18b1c53 1\ncd0fc7bc53ac632a11643ac4cc91002a 2\n39a9809abe1441f60f9fab50679c2a73 3\n396bea28fd4be11598bc53bf5f2b7460 4\n5d13674e2ed04208bf232e2eeb468f7a 5\n[[1.         0.86714572 0.22999789 0.24968871 0.28050977]\n [0.86714572 1.         0.24484962 0.22862928 0.28654882]\n [0.22999789 0.24484962 1.         0.51875043 0.80155271]\n [0.24968871 0.22862928 0.51875043 1.         0.63008356]\n [0.28050977 0.28654882 0.80155271 0.63008356 1.        ]]\n[0.9691001  0.99053407 1.         1.         0.98212189]\nacccc1727b61b261844d86aa9de53536 1\n71638b1e853799f227492bfb08a01491 2\n6770e08049264165b58c5f5ddcfd5b95 3\ndf4b1cfb384dab76abc34cc4db0f5b30 4\nd4cae2c614676925578ca87836ab95b6 5\n[[ 1.          0.12675431  0.16126168  0.29079056  0.29568785]\n [ 0.12675431  1.         -0.29842561  0.01373017 -0.08626609]\n [ 0.16126168 -0.29842561  1.          0.72480065  0.67986655]\n [ 0.29079056  0.01373017  0.72480065  1.          0.81240594]\n [ 0.29568785 -0.08626609  0.67986655  0.81240594  1.        ]]\n[0.89054987 0.9691001  1.         1.         0.99401598]\na3d0e2394d7db36afab1b6e5e24da798 1\n421afeb5f9dd7b64b84ac8335b14b247 2\n35293500d91fb681fd8ff9171d8161c1 3\n33755feadab4a6b5db51edc060585921 4\n39f3ef0e8046a9b4e6c81262d634053d 5\n[[ 1.         -0.10016594 -0.04789577  0.63593167  0.29382625]\n [-0.10016594  1.          0.90652132 -0.15923232  0.39877558]\n [-0.04789577  0.90652132  1.         -0.08120058  0.37264067]\n [ 0.63593167 -0.15923232 -0.08120058  1.          0.06008583]\n [ 0.29382625  0.39877558  0.37264067  0.06008583  1.        ]]\n[0.90842798 0.96319002 1.         0.95477784 0.92735985]\n48b243704d16570155df12995a284b61 1\nfb90604f039d294a931b94442e7f8b73 2\n2f11b93c073630fc866ebd61708c49c5 3\n44d35d157f5796ebc04b5fb51c3c1f12 4\ncb02caed6492a9619e93a3bd265a9c7f 5\n[[1.         0.35820514 0.21231122 0.67646199 0.71299672]\n [0.35820514 1.         0.331743   0.73823971 0.57735223]\n [0.21231122 0.331743   1.         0.20866375 0.14965886]\n [0.67646199 0.73823971 0.20866375 1.         0.85318226]\n [0.71299672 0.57735223 0.14965886 0.85318226 1.        ]]\n[0.89653389 0.89653389 1.         0.9691001  0.9691001 ]\nbd6af21b792a7efb367407e94678fa1f 1\n5c40def8eb37a29833a498f9390f2b02 2\n305835a194605ef353a1700def9a2429 3\n03234e390d3f2c9c07889e1687eafbb8 4\ne61d36901ebb6b37ac41f6ca84